dist_corr_jet_W_lead_pt_Rebin = [1.00000 0.89005 0.88454 0.79057 0.62461 0.44610 0.31406 0.15461 0.11165;
0.89005 1.00000 0.93170 0.86603 0.71005 0.50688 0.38478 0.18440 0.11757;
0.88454 0.93170 1.00000 0.92521 0.76980 0.58124 0.45213 0.24434 0.17598;
0.79057 0.86603 0.92521 1.00000 0.83853 0.66783 0.54884 0.33121 0.26760;
0.62461 0.71005 0.76980 0.83853 1.00000 0.73827 0.63116 0.42321 0.35853;
0.44610 0.50688 0.58124 0.66783 0.73827 1.00000 0.61187 0.44026 0.38534;
0.31406 0.38478 0.45213 0.54884 0.63116 0.61187 1.00000 0.44024 0.40824;
0.15461 0.18440 0.24434 0.33121 0.42321 0.44026 0.44024 1.00000 0.35527;
0.11165 0.11757 0.17598 0.26760 0.35853 0.38534 0.40824 0.35527 1.00000]

dist_corr_jet_W_lead_y = [1.00000 0.94745 0.94095 0.92764 0.92530 0.92530 0.93625 0.93706 0.95159 0.93107;
0.94745 1.00000 0.93926 0.92425 0.92075 0.92529 0.93959 0.93414 0.95321 0.93714;
0.94095 0.93926 1.00000 0.92499 0.92447 0.92308 0.93508 0.92947 0.94388 0.94002;
0.92764 0.92425 0.92499 1.00000 0.91589 0.91942 0.93076 0.92884 0.94324 0.92990;
0.92530 0.92075 0.92447 0.91589 1.00000 0.91071 0.93567 0.93275 0.93819 0.95033;
0.92530 0.92529 0.92308 0.91942 0.91071 1.00000 0.94499 0.94417 0.94850 0.95831;
0.93625 0.93959 0.93508 0.93076 0.93567 0.94499 1.00000 0.92784 0.95479 0.93420;
0.93706 0.93414 0.92947 0.92884 0.93275 0.94417 0.92784 1.00000 0.98473 0.94393;
0.95159 0.95321 0.94388 0.94324 0.93819 0.94850 0.95479 0.98473 1.00000 0.96825;
0.93107 0.93714 0.94002 0.92990 0.95033 0.95831 0.93420 0.94393 0.96825 1.00000]

dist_corr_jet_W_sublead_pt_Rebin = [1.00000 0.74741 0.62284 0.39088 0.23212 0.24414 0.05895;
0.74741 1.00000 0.63333 0.47068 0.35032 0.33853 0.09052;
0.62284 0.63333 1.00000 0.51971 0.42485 0.36080 0.18208;
0.39088 0.47068 0.51971 1.00000 0.52623 0.33545 0.36979;
0.23212 0.35032 0.42485 0.52623 1.00000 0.59761 0.26568;
0.24414 0.33853 0.36080 0.33545 0.59761 1.00000 -0.13526;
0.05895 0.09052 0.18208 0.36979 0.26568 -0.13526 1.00000]

dist_corr_jet_W_sublead_y = [1.00000 0.93416 0.93144 0.92252 0.90848 0.90951 0.91589 0.91055 0.91018 0.88310;
0.93416 1.00000 0.92340 0.91897 0.91014 0.90820 0.91130 0.90511 0.90972 0.87424;
0.93144 0.92340 1.00000 0.91970 0.90093 0.89776 0.90100 0.90247 0.90706 0.87169;
0.92252 0.91897 0.91970 1.00000 0.90758 0.89766 0.91306 0.89893 0.89598 0.87370;
0.90848 0.91014 0.90093 0.90758 1.00000 0.89268 0.90037 0.90490 0.90951 0.87404;
0.90951 0.90820 0.89776 0.89766 0.89268 1.00000 0.89304 0.89241 0.90211 0.88427;
0.91589 0.91130 0.90100 0.91306 0.90037 0.89304 1.00000 0.90453 0.92808 0.89188;
0.91055 0.90511 0.90247 0.89893 0.90490 0.89241 0.90453 1.00000 0.90610 0.92199;
0.91018 0.90972 0.90706 0.89598 0.90951 0.90211 0.92808 0.90610 1.00000 0.90094;
0.88310 0.87424 0.87169 0.87370 0.87404 0.88427 0.89188 0.92199 0.90094 1.00000]

dist_corr_jet_W_lead_jet_W_sublead_Dy = [1.00000 0.95937 0.93601 0.82186 0.64214 0.55480 0.47690 0.38314 0.27702 0.17482;
0.95937 1.00000 0.93609 0.83906 0.66409 0.56641 0.47363 0.41201 0.30638 0.20217;
0.93601 0.93609 1.00000 0.88580 0.75116 0.67118 0.57469 0.50690 0.42906 0.31908;
0.82186 0.83906 0.88580 1.00000 0.85498 0.75006 0.71842 0.65327 0.61872 0.52298;
0.64214 0.66409 0.75116 0.85498 1.00000 0.80802 0.80158 0.78883 0.74927 0.64387;
0.55480 0.56641 0.67118 0.75006 0.80802 1.00000 0.82849 0.81414 0.75318 0.59575;
0.47690 0.47363 0.57469 0.71842 0.80158 0.82849 1.00000 0.81230 0.75420 0.63402;
0.38314 0.41201 0.50690 0.65327 0.78883 0.81414 0.81230 1.00000 0.80737 0.70957;
0.27702 0.30638 0.42906 0.61872 0.74927 0.75318 0.75420 0.80737 1.00000 0.76386;
0.17482 0.20217 0.31908 0.52298 0.64387 0.59575 0.63402 0.70957 0.76386 1.00000]

dist_corr_jet_W_lead_jet_W_sublead_Dphi = [1.00000 0.94222 0.94222 0.90915 0.91391 0.93831 0.93750 0.93819 0.94868 0.95346;
0.94222 1.00000 0.93182 0.92963 0.91851 0.91161 0.90453 0.91391 0.90579 0.91035;
0.94222 0.93182 1.00000 0.90579 0.91851 0.91161 0.90453 0.87039 0.90579 0.91035;
0.90915 0.92963 0.90579 1.00000 0.90830 0.89016 0.90915 0.86723 0.90000 0.90453;
0.91391 0.91851 0.91851 0.90830 1.00000 0.90744 0.91391 0.90453 0.88077 0.88521;
0.93831 0.91161 0.91161 0.89016 0.90744 1.00000 0.88619 0.90289 0.92313 0.92778;
0.93750 0.90453 0.90453 0.90915 0.91391 0.88619 1.00000 0.86603 0.94868 0.87401;
0.93819 0.91391 0.87039 0.86723 0.90453 0.90289 0.86603 1.00000 0.90374 0.89912;
0.94868 0.90579 0.90579 0.90000 0.88077 0.92313 0.94868 0.90374 1.00000 0.91458;
0.95346 0.91035 0.91035 0.90453 0.88521 0.92778 0.87401 0.89912 0.91458 1.00000]

dist_corr_jet_rad_lead_pt_Rebin = [1.00000 0.86992 0.84566 0.84120 0.80217 0.77110 0.71471 0.58275 0.45337 0.30452;
0.86992 1.00000 0.89496 0.88641 0.87228 0.80582 0.78246 0.64625 0.48107 0.34553;
0.84566 0.89496 1.00000 0.92261 0.91525 0.87039 0.78881 0.68101 0.53116 0.38859;
0.84120 0.88641 0.92261 1.00000 0.91377 0.90909 0.83860 0.71129 0.55780 0.40879;
0.80217 0.87228 0.91525 0.91377 1.00000 0.92783 0.86453 0.74245 0.55950 0.44250;
0.77110 0.80582 0.87039 0.90909 0.92783 1.00000 0.88273 0.75574 0.60302 0.46719;
0.71471 0.78246 0.78881 0.83860 0.86453 0.88273 1.00000 0.76261 0.68313 0.51035;
0.58275 0.64625 0.68101 0.71129 0.74245 0.75574 0.76261 1.00000 0.64874 0.55616;
0.45337 0.48107 0.53116 0.55780 0.55950 0.60302 0.68313 0.64874 1.00000 0.55201;
0.30452 0.34553 0.38859 0.40879 0.44250 0.46719 0.51035 0.55616 0.55201 1.00000]

dist_corr_jet_rad_lead_y = [1.00000 0.81017 0.80044 0.79500 0.79253 0.78248 0.80346 0.80433 0.80822 0.83937;
0.81017 1.00000 0.80345 0.79724 0.79437 0.78389 0.80354 0.82453 0.80550 0.83269;
0.80044 0.80345 1.00000 0.80408 0.80119 0.79062 0.81044 0.80972 0.81242 0.83984;
0.79500 0.79724 0.80408 1.00000 0.79259 0.80033 0.79792 0.81650 0.81791 0.84138;
0.79253 0.79437 0.80119 0.79259 1.00000 0.79615 0.81312 0.83205 0.80898 0.85740;
0.78248 0.78389 0.79062 0.80033 0.79615 1.00000 0.82106 0.81683 0.81687 0.83591;
0.80346 0.80354 0.81044 0.79792 0.81312 0.82106 1.00000 0.84867 0.84559 0.85534;
0.80433 0.82453 0.80972 0.81650 0.83205 0.81683 0.84867 1.00000 0.85442 0.88834;
0.80822 0.80550 0.81242 0.81791 0.80898 0.81687 0.84559 0.85442 1.00000 0.86685;
0.83937 0.83269 0.83984 0.84138 0.85740 0.83591 0.85534 0.88834 0.86685 1.00000]

dist_corr_top_lep_jet_rad_lead_Dphi = [1.00000 0.89044 0.88834 0.85944 0.83787 0.79209 0.73127;
0.89044 1.00000 0.87416 0.85536 0.82089 0.82481 0.73293;
0.88834 0.87416 1.00000 0.84757 0.84515 0.79612 0.74316;
0.85944 0.85536 0.84757 1.00000 0.83863 0.78997 0.76578;
0.83787 0.82089 0.84515 0.83863 1.00000 0.82984 0.79719;
0.79209 0.82481 0.79612 0.78997 0.82984 1.00000 0.84650;
0.73127 0.73293 0.74316 0.76578 0.79719 0.84650 1.00000]

dist_corr_top_had_jet_rad_lead_Dphi = [1.00000 0.86860 0.86860 0.83666 0.83863 0.81312 0.81537;
0.86860 1.00000 0.87500 0.83853 0.83349 0.80064 0.79738;
0.86860 0.87500 1.00000 0.83853 0.83349 0.80064 0.79738;
0.83666 0.83853 0.83853 1.00000 0.83321 0.82353 0.80623;
0.83863 0.83349 0.83349 0.83321 1.00000 0.84790 0.84309;
0.81312 0.80064 0.80064 0.82353 0.84790 1.00000 0.86603;
0.81537 0.79738 0.79738 0.80623 0.84309 0.86603 1.00000]

dist_corr_jet_W_lead_jet_rad_lead_Dphi = [1.00000 0.83006 0.87753 0.82916 0.87753 0.85534 0.82784 0.80403 0.79164 0.80582;
0.83006 1.00000 0.83462 0.80296 0.83462 0.85106 0.85485 0.80296 0.80313 0.79708;
0.87753 0.83462 1.00000 0.78824 0.82353 0.79388 0.80861 0.80845 0.81368 0.77784;
0.82916 0.80296 0.78824 1.00000 0.78824 0.81832 0.83349 0.79167 0.80226 0.76838;
0.87753 0.83462 0.82353 0.78824 1.00000 0.79388 0.80861 0.80845 0.81368 0.81025;
0.85534 0.85106 0.79388 0.81832 0.79388 1.00000 0.81312 0.80013 0.79576 0.81650;
0.82784 0.85485 0.80861 0.83349 0.80861 0.81312 1.00000 0.81715 0.82959 0.83863;
0.80403 0.80296 0.80845 0.79167 0.80845 0.80013 0.81715 1.00000 0.82657 0.84633;
0.79164 0.80313 0.81368 0.80226 0.81368 0.79576 0.82959 0.82657 1.00000 0.85765;
0.80582 0.79708 0.77784 0.76838 0.81025 0.81650 0.83863 0.84633 0.85765 1.00000]

dist_corr_mttbar_jet_rad_lead_Rebin = [1.00000 0.80178 0.76001 0.68844 0.53456 0.37037 0.26837;
0.80178 1.00000 0.86291 0.80812 0.61733 0.43706 0.33320;
0.76001 0.86291 1.00000 0.87167 0.71673 0.54356 0.42967;
0.68844 0.80812 0.87167 1.00000 0.79821 0.60302 0.53484;
0.53456 0.61733 0.71673 0.79821 1.00000 0.62122 0.58609;
0.37037 0.43706 0.54356 0.60302 0.62122 1.00000 0.52549;
0.26837 0.33320 0.42967 0.53484 0.58609 0.52549 1.00000]

dist_corr_jet_rad_sublead_pt_Rebin = [1.00000 0.84145 0.80397 0.80623 0.73703 0.53932 0.43001 0.42165;
0.84145 1.00000 0.92387 0.91961 0.87753 0.66742 0.45993 0.52440;
0.80397 0.92387 1.00000 0.94281 0.88608 0.70809 0.49029 0.55902;
0.80623 0.91961 0.94281 1.00000 0.93376 0.83010 0.49923 0.67198;
0.73703 0.87753 0.88608 0.93376 1.00000 0.80531 0.55832 0.70944;
0.53932 0.66742 0.70809 0.83010 0.80531 1.00000 0.30697 0.75000;
0.43001 0.45993 0.49029 0.49923 0.55832 0.30697 1.00000 0.41660;
0.42165 0.52440 0.55902 0.67198 0.70944 0.75000 0.41660 1.00000]

dist_corr_jet_rad_sublead_y = [1.00000 0.78788 0.78393 0.77121 0.77778 0.76947 0.76880 0.80445 0.80582 0.83333;
0.78788 1.00000 0.78393 0.77121 0.77778 0.76947 0.78081 0.80445 0.80582 0.83333;
0.78393 0.78393 1.00000 0.75697 0.76383 0.76561 0.76495 0.78751 0.78842 0.81408;
0.77121 0.77121 0.75697 1.00000 0.77121 0.77154 0.76842 0.78983 0.78984 0.82853;
0.77778 0.77778 0.76383 0.77121 1.00000 0.76947 0.78081 0.80445 0.80582 0.83333;
0.76947 0.76947 0.76561 0.77154 0.76947 1.00000 0.78620 0.80743 0.80695 0.82908;
0.76880 0.78081 0.76495 0.76842 0.78081 0.78620 1.00000 0.81781 0.81457 0.84688;
0.80445 0.80445 0.78751 0.78983 0.80445 0.80743 0.81781 1.00000 0.84533 0.87581;
0.80582 0.80582 0.78842 0.78984 0.80582 0.80695 0.81457 0.84533 1.00000 0.88641;
0.83333 0.83333 0.81408 0.82853 0.83333 0.82908 0.84688 0.87581 0.88641 1.00000]

dist_corr_jet_rad_lead_jet_rad_sublead_Dy = [1.00000 0.80128 0.80498 0.81262 0.82496 0.81408 0.81016 0.82808 0.82024 0.78415;
0.80128 1.00000 0.78541 0.78825 0.80202 0.79428 0.79566 0.75745 0.80720 0.81009;
0.80498 0.78541 1.00000 0.81698 0.84327 0.80904 0.82633 0.81266 0.82219 0.82514;
0.81262 0.78825 0.81698 1.00000 0.84633 0.79772 0.80582 0.82158 0.85524 0.82812;
0.82496 0.80202 0.84327 0.84633 1.00000 0.85280 0.85428 0.84578 0.86667 0.85890;
0.81408 0.79428 0.80904 0.79772 0.85280 1.00000 0.84853 0.83225 0.85280 0.84837;
0.81016 0.79566 0.82633 0.80582 0.85428 0.84853 1.00000 0.85331 0.90453 0.88508;
0.82808 0.75745 0.81266 0.82158 0.84578 0.83225 0.85331 1.00000 0.88807 0.89125;
0.82024 0.80720 0.82219 0.85524 0.86667 0.85280 0.90453 0.88807 1.00000 0.91326;
0.78415 0.81009 0.82514 0.82812 0.85890 0.84837 0.88508 0.89125 0.91326 1.00000]

dist_corr_jet_rad_lead_jet_rad_sublead_Dphi = [1.00000 0.73973 0.76132 0.76212 0.76689 0.77159 0.79070 0.79241 0.80195 0.78750;
0.73973 1.00000 0.75676 0.77649 0.76722 0.78614 0.79521 0.80516 0.81759 0.79844;
0.76132 0.75676 1.00000 0.77967 0.78736 0.78935 0.80361 0.80064 0.82275 0.80563;
0.76212 0.77649 0.77967 1.00000 0.78538 0.79018 0.80975 0.81150 0.82128 0.80648;
0.76689 0.76722 0.78736 0.78538 1.00000 0.79513 0.81637 0.81951 0.83121 0.81677;
0.77159 0.78614 0.78935 0.79018 0.79513 1.00000 0.81981 0.82158 0.83148 0.81650;
0.79070 0.79521 0.80361 0.80975 0.81637 0.81981 1.00000 0.83643 0.84308 0.84656;
0.79241 0.80516 0.80064 0.81150 0.81951 0.82158 0.83643 1.00000 0.85635 0.85716;
0.80195 0.81759 0.82275 0.82128 0.83121 0.83148 0.84308 0.85635 1.00000 0.87039;
0.78750 0.79844 0.80563 0.80648 0.81677 0.81650 0.84656 0.85716 0.87039 1.00000]

dist_corr_top_lep_jet_rad_sublead_Dphi = [1.00000 0.84633 0.83666 0.85200 0.82388 0.82359 0.82923;
0.84633 1.00000 0.85716 0.82885 0.82382 0.81442 0.81650;
0.83666 0.85716 1.00000 0.82689 0.83192 0.80719 0.82158;
0.85200 0.82885 0.82689 1.00000 0.81328 0.80835 0.81210;
0.82388 0.82382 0.83192 0.81328 1.00000 0.80020 0.80717;
0.82359 0.81442 0.80719 0.80835 0.80020 1.00000 0.80875;
0.82923 0.81650 0.82158 0.81210 0.80717 0.80875 1.00000]

dist_corr_top_had_jet_rad_sublead_Dphi = [1.00000 0.82359 0.81417 0.80508 0.81560 0.81892 0.82479;
0.82359 1.00000 0.82764 0.81839 0.82785 0.83010 0.83552;
0.81417 0.82764 1.00000 0.80904 0.79685 0.82061 0.80582;
0.80508 0.81839 0.80904 1.00000 0.80924 0.81144 0.81674;
0.81560 0.82785 0.79685 0.80924 1.00000 0.81650 0.82087;
0.81892 0.83010 0.82061 0.81144 0.81650 1.00000 0.81832;
0.82479 0.83552 0.80582 0.81674 0.82087 0.81832 1.00000]

dist_corr_jet_W_lead_jet_rad_sublead_Dphi = [1.00000 0.83250 0.80915 0.82035 0.81349 0.81810 0.81687 0.82450 0.81068 0.82611;
0.83250 1.00000 0.81512 0.81144 0.83148 0.80403 0.81742 0.81495 0.81445 0.82507;
0.80915 0.81512 1.00000 0.81903 0.81594 0.81324 0.80869 0.81011 0.81312 0.82540;
0.82035 0.81144 0.81903 1.00000 0.80512 0.80508 0.80178 0.80542 0.81044 0.82363;
0.81349 0.83148 0.81594 0.80512 1.00000 0.82496 0.82158 0.82531 0.80969 0.82339;
0.81810 0.80403 0.81324 0.80508 0.82496 1.00000 0.79611 0.79858 0.80253 0.81511;
0.81687 0.81742 0.80869 0.80178 0.82158 0.79611 1.00000 0.81288 0.79600 0.80802;
0.82450 0.81495 0.81011 0.80542 0.82531 0.79858 0.81288 1.00000 0.81163 0.82261;
0.81068 0.81445 0.81312 0.81044 0.80969 0.80253 0.79600 0.81163 1.00000 0.82054;
0.82611 0.82507 0.82540 0.82363 0.82339 0.81511 0.80802 0.82261 0.82054 1.00000]

dist_corr_m_jet_rad_lead_jet_rad_sublead_Rebin = [1.00000 0.80009 0.85399 0.84639 0.74316 0.67675 0.40825 0.41698;
0.80009 1.00000 0.86308 0.84835 0.80218 0.71128 0.41207 0.45009;
0.85399 0.86308 1.00000 0.92932 0.90187 0.82128 0.46791 0.51900;
0.84639 0.84835 0.92932 1.00000 0.92069 0.84975 0.51831 0.59338;
0.74316 0.80218 0.90187 0.92069 1.00000 0.88386 0.54611 0.62709;
0.67675 0.71128 0.82128 0.84975 0.88386 1.00000 0.57382 0.70631;
0.40825 0.41207 0.46791 0.51831 0.54611 0.57382 1.00000 0.47140;
0.41698 0.45009 0.51900 0.59338 0.62709 0.70631 0.47140 1.00000]

